A Matrix:  [0.7623063  0.76615304 0.80585855 0.7634074  0.8796861  0.8436498
 0.878525   0.8329513  0.7581789  0.81207615 0.9296655  0.8565096
 0.8620155  0.76377034 0.81389445]

B Matrix:  [[-0.4040643   0.4116162  -0.08092509]
 [ 0.33816612 -0.13749887 -0.40591434]
 [-0.01047095 -0.5131044   0.14127381]
 [ 0.01397759 -0.12440733 -0.06324694]
 [ 0.4368112  -0.06402609 -0.11668752]
 [-0.3209112  -0.36151037  0.02601304]
 [ 0.19175036  0.45302504  0.31666824]
 [-0.07569318 -0.20839487 -0.02375526]
 [-0.2250951  -0.29731876  0.00795929]
 [ 0.29271287  0.12891087  0.01157541]
 [-0.15571892  0.07938074  0.42915544]
 [ 0.03312038 -0.4463201  -0.00302705]
 [-0.05802173  0.40321758 -0.00463955]
 [-0.05313427  0.17459336 -0.40788257]
 [ 0.30550295 -0.0288339  -0.44206876]]

W Matrix:  [[ 0.00000000e+00 -7.70589113e-02  6.91308640e-03 -1.31603656e-02
  -2.11989209e-02 -1.20009920e-02  4.44638170e-02 -3.31398733e-02
  -5.06452806e-02 -1.00133540e-02  6.03826717e-02 -1.29385134e-02
   3.98662239e-02 -8.22315887e-02 -7.78437331e-02]
 [-8.03973228e-02  0.00000000e+00  7.28980601e-02 -4.66469526e-02
  -7.09317178e-02 -3.20423953e-02  4.99287583e-02 -4.94939946e-02
  -4.97382227e-03 -1.93721242e-02  5.98143786e-02 -1.77107099e-02
  -2.46148426e-02 -4.51669842e-02 -3.52957025e-02]
 [-8.36242959e-02 -1.43029103e-02  0.00000000e+00 -7.58482888e-02
  -6.84269443e-02 -2.66707949e-02  7.18194395e-02 -4.68022004e-02
  -2.10491624e-02  1.80242173e-02  7.11903945e-02 -6.41629994e-02
  -2.04345640e-02 -5.46496026e-02 -6.35688752e-02]
 [-2.68463548e-02 -5.69985062e-02  1.00004661e-03  0.00000000e+00
  -3.82931828e-02 -3.09045929e-02  3.18979882e-02 -2.87006777e-02
  -2.23189518e-02 -3.18464600e-02  3.58964577e-02  2.23883032e-03
   2.78091840e-02 -5.55603392e-02 -6.16348051e-02]
 [ 2.76817437e-02 -2.20542811e-02 -1.95486750e-02  1.05875460e-02
   0.00000000e+00  5.47096459e-03 -3.80608365e-02  9.59561858e-03
  -2.75696926e-02  1.18454304e-02  1.64747201e-02  2.68769842e-02
  -9.80520199e-05 -1.09143220e-02 -2.92312223e-02]
 [ 5.22996346e-03 -1.48103246e-02 -9.43972915e-03 -1.36743765e-02
   5.47096459e-03  0.00000000e+00  2.24252921e-02  7.70397577e-03
  -4.97360190e-04 -1.18627613e-02  3.51053178e-02 -1.09999366e-02
  -6.99619390e-03  6.56852126e-03 -1.46075441e-02]
 [-6.02028752e-03 -5.55539678e-04  2.13343576e-02 -1.85850859e-02
  -3.80608365e-02  2.24252921e-02  0.00000000e+00  5.95479447e-04
   5.68298064e-03  3.16472282e-03  6.02347357e-03 -4.49023806e-02
  -5.57408156e-03 -1.53718684e-02 -7.47577567e-03]
 [ 5.62505738e-04 -1.57903209e-02 -1.30992932e-02  5.00267418e-03
   9.59561858e-03  7.70397577e-03  5.95479447e-04  0.00000000e+00
   1.34577965e-02  7.67629780e-03 -1.44971646e-02 -1.64669484e-03
  -9.34783276e-03 -9.72350501e-03 -8.73001851e-03]
 [-8.44076350e-02 -3.53987999e-02  3.57264169e-02 -4.23920527e-02
  -7.64468834e-02 -1.77281071e-02  5.61660230e-02 -2.02453621e-02
   0.00000000e+00 -4.23803590e-02  2.65841018e-02 -3.30598578e-02
  -1.57750640e-02 -3.14487964e-02 -2.69562900e-02]
 [-4.55693603e-02 -5.15946299e-02  7.30035901e-02 -5.37164658e-02
  -3.70353460e-02 -2.90933289e-02  5.36489077e-02 -2.60266699e-02
  -4.41776551e-02  0.00000000e+00  7.99660459e-02 -4.64031659e-02
  -1.79808016e-03 -8.61786753e-02 -1.23041347e-01]
 [ 1.89903029e-03  1.33084680e-03  1.27063887e-02 -2.25858148e-02
   1.64747201e-02  3.51053178e-02  6.02347357e-03 -1.44971646e-02
  -3.18979025e-02  2.14813631e-02  0.00000000e+00  7.22224731e-03
  -2.12819744e-02  1.40401293e-02 -4.29954380e-02]
 [ 1.06641445e-02  5.89220226e-03 -4.05611806e-02  2.58420650e-02
   2.68769842e-02 -1.09999366e-02 -4.49023806e-02 -1.64669484e-03
  -9.45725851e-03 -2.28002593e-02  7.22224731e-03  0.00000000e+00
   3.31604783e-03  2.67648650e-03  1.57473907e-02]
 [ 4.11941893e-02 -2.32880209e-02 -1.91073660e-02  2.91355737e-02
  -9.80514233e-05 -6.99619250e-03 -5.57408156e-03 -9.34783369e-03
  -1.44474488e-02 -4.70842351e-04 -2.12819725e-02  3.31604807e-03
   0.00000000e+00 -9.32075176e-03  3.18851275e-03]
 [-7.98294619e-02 -3.94286513e-02  3.82906161e-02 -3.94693166e-02
  -5.97936772e-02 -1.06625417e-02  3.51111032e-02 -4.34265584e-02
   4.71393904e-03 -4.82208431e-02  7.25250542e-02 -2.09261924e-02
  -1.06479852e-02  0.00000000e+00 -5.10104485e-02]
 [-7.91868046e-02 -3.33032943e-02  2.56255418e-02 -4.92913388e-02
  -7.81099647e-02 -3.18395533e-02  4.30077240e-02 -4.24328148e-02
   5.46172727e-03 -8.88245031e-02  1.54875480e-02 -7.85470288e-03
   1.86142430e-03 -5.47563732e-02  0.00000000e+00]]
