Carry shape:  (15,)
Carry before training:  [ 3.303723    0.83721626  0.5967796   0.34027028 -1.2239953  -1.1564337
 -0.1451344  -0.9574061   0.37172487  2.3382497  -0.11905681 -2.1437635
 -0.41618487  0.30338514  0.00650051]

Carry after 10 epochs training:  [1.470413  1.4214753 1.6564503 1.5123246 1.5336441 1.4222307 1.6238592
 1.637895  1.4815624 1.6534052 1.5018861 1.4702775 1.558776  1.359247
 1.2457628]
Carry after 1000 epochs training:  [16.983519 17.616114 18.797052 17.199446 17.315783 17.048952 18.710629
 18.262812 18.319195 18.643282 17.295277 17.954927 16.86985  18.054235
 16.915562]

Shape of xe:  (1, 200, 3)
Shape of obs:  (1, 200, 3)

A Matrix:  [0.7684601  0.77313054 0.8131813  0.77095985 0.81833375 0.7823361
 0.81549144 0.77105486 0.76568586 0.8183001  0.86665344 0.7969686
 0.7993676  0.7713261  0.82186365]

B Matrix:  [[-0.2615083   0.02990506 -0.2683311 ]
 [-0.3851952   0.21375623 -0.2220774 ]
 [-0.01271839  0.05474585  0.3586641 ]
 [ 0.2741614  -0.36377606 -0.2192967 ]
 [ 0.39866945 -0.25283977  0.1129644 ]
 [-0.45323077 -0.38195747 -0.11443897]
 [-0.02093752  0.23774569  0.18811207]
 [ 0.02332675 -0.47141972  0.3153647 ]
 [-0.17285585  0.24812554 -0.09654535]
 [-0.10867339  0.20583516  0.03473926]
 [-0.20262064  0.23101859 -0.17965011]
 [ 0.4492681  -0.26510665  0.3469186 ]
 [ 0.1649612   0.45703375 -0.26077786]
 [ 0.18651298 -0.03684304  0.13945024]
 [ 0.12248003  0.06736517 -0.19179778]]

W Matrix:  [[ 0.0000000e+00 -4.7069527e-02  2.0374792e-02 -1.0929816e-02
  -5.3555779e-03 -4.2334918e-02  3.8089808e-02  2.2602141e-02
  -5.9321532e-03  5.1185805e-02 -3.8391944e-02  1.1084587e-02
  -9.1647999e-03 -2.2362076e-02 -6.6019386e-02]
 [-7.4380405e-02  0.0000000e+00  8.5376672e-02 -4.3309223e-02
  -5.3905200e-02 -6.1323974e-02  4.2421307e-02  3.6182208e-03
   3.9762132e-02  4.0719438e-02 -3.4371108e-02  6.0619991e-03
  -7.6560326e-02  1.5276259e-02 -2.2644075e-02]
 [-7.7209458e-02  1.8559953e-02  0.0000000e+00 -7.2220430e-02
  -5.1161576e-02 -5.5688012e-02  6.4030081e-02  5.9308619e-03
   2.3689520e-02  7.7902704e-02 -2.1763802e-02 -4.0424064e-02
  -7.1956985e-02  5.8810911e-03 -5.0565142e-02]
 [-2.0153262e-02 -2.3927191e-02  1.2920658e-02  0.0000000e+00
  -2.0875884e-02 -5.9752125e-02  2.3932997e-02  2.3809362e-02
   2.2421217e-02  2.7899813e-02 -5.6298487e-02  2.5958743e-02
  -2.3317659e-02  5.0224988e-03 -4.8398584e-02]
 [-1.2289614e-02 -3.2301787e-02  1.5498763e-02 -1.8848639e-02
   0.0000000e+00 -3.0479548e-02 -5.7473755e-03  1.7882960e-02
  -1.2084601e-02  3.9966494e-02 -6.0158605e-03  3.1535104e-02
  -4.1756976e-02 -1.4432837e-03 -6.1461698e-02]
 [-3.4740280e-02 -2.5058597e-02  2.5607970e-02 -4.3110415e-02
  -1.6028378e-02  0.0000000e+00  5.4738916e-02  1.5991492e-02
   1.4986820e-02  1.6258778e-02  1.2614729e-02 -6.3407319e-03
  -4.8655234e-02  1.6039187e-02 -4.6839200e-02]
 [-4.5991112e-02 -1.0803419e-02  5.6381937e-02 -4.8021894e-02
  -5.9559856e-02 -1.3525515e-02  0.0000000e+00  8.8828448e-03
   2.1167086e-02  3.1285372e-02 -1.6467459e-02 -4.0242605e-02
  -4.7232848e-02 -5.9013269e-03 -3.9706703e-02]
 [-3.9408009e-02 -2.6038498e-02  2.1948535e-02 -2.4433767e-02
  -1.1903814e-02 -2.8246295e-02  3.2908410e-02  0.0000000e+00
   2.8941583e-02  3.5797462e-02 -3.6988430e-02  3.0123757e-03
  -5.1006604e-02 -2.5258824e-04 -4.0960904e-02]
 [-7.7769130e-02 -2.3670914e-03  4.7691312e-02 -3.8614053e-02
  -5.9060864e-02 -4.6608880e-02  4.8236355e-02  3.2306738e-02
   0.0000000e+00  1.7391343e-02 -6.5756835e-02 -9.3361484e-03
  -6.6986032e-02  2.9122433e-02 -1.3764488e-02]
 [-4.0216818e-02 -2.0371763e-02  8.6276427e-02 -5.1145341e-02
  -2.0716140e-02 -5.9089150e-02  4.6900690e-02  2.8440468e-02
   5.4863153e-04  0.0000000e+00 -1.7500408e-02 -2.2507351e-02
  -5.3201240e-02 -2.6035784e-02 -1.1115534e-01]
 [-3.8071353e-02 -8.9170551e-03  4.7754016e-02 -5.2022435e-02
  -5.0244620e-03 -8.4489310e-04  3.8336631e-02 -6.2102145e-03
  -1.6414223e-02  4.9602930e-02  0.0000000e+00  1.1881489e-02
  -6.2940426e-02  2.3511469e-02 -7.5225569e-02]
 [-2.9306442e-02 -4.3557952e-03 -5.5135144e-03 -3.5948185e-03
   5.3767585e-03 -4.6950344e-02 -1.2588250e-02  6.6407216e-03
   6.0269381e-03  5.3215013e-03 -1.5268355e-02  0.0000000e+00
  -3.8342975e-02  1.2147330e-02 -1.6482759e-02]
 [ 1.2233543e-03 -3.3535410e-02  1.5939718e-02 -2.9978048e-04
  -2.1597482e-02 -4.2946875e-02  2.6739599e-02 -1.0604732e-03
   1.0363199e-03  2.7650576e-02 -4.3772526e-02  7.9749720e-03
   0.0000000e+00  1.5012721e-04 -2.9042007e-02]
 [-7.3130876e-02 -6.3539827e-03  5.0208744e-02 -3.5651464e-02
  -4.2375680e-02 -3.9507274e-02  2.7143508e-02  9.0803057e-03
   4.9454551e-02  1.1523500e-02 -1.9662390e-02  2.7935784e-03
  -6.1768800e-02  0.0000000e+00 -3.7768431e-02]
 [-7.1972638e-02  1.0380689e-04  3.7152469e-02 -4.5150932e-02
  -6.0440794e-02 -6.0390141e-02  3.4730636e-02  9.7173350e-03
   5.0203446e-02 -2.9305574e-02 -7.5494558e-02  1.5834015e-02
  -4.8398733e-02  5.9124338e-03  0.0000000e+00]]
